waypoints:
- x: 3.8341970443725586
  y: 0.19668781757354736
  theta: 0.0
- x: 2.469425916671753
  y: 0.1963927000761032
  theta: 0.0
- x: 1.9760804176330566
  y: -1.611518383026123
  theta: 0.0
- x: 3.975876569747925
  y: -2.6739213466644287
  theta: 0.0
